circle, 275, 500, 30, 30, -65536
filledCircle, 325, 500, 40, 40, -256
circle, 375, 500, 47, 47, -16711936
filledCircle, 425, 500, 48, 48, -16776961
circle, 475, 500, 47, 47, -256
filledCircle, 525, 500, 48, 48, -65536
387, 264, 387, 263, -13421569
387, 263, 388, 263, -13421569
388, 263, 389, 263, -13421569
389, 263, 392, 261, -13421569
392, 261, 397, 261, -13421569
397, 261, 406, 261, -13421569
406, 261, 412, 259, -13421569
412, 259, 418, 258, -13421569
418, 258, 419, 258, -13421569
419, 258, 420, 258, -13421569
420, 258, 421, 258, -13421569
421, 258, 423, 258, -13421569
423, 258, 425, 258, -13421569
425, 258, 426, 258, -13421569
426, 258, 428, 258, -13421569
428, 258, 429, 258, -13421569
429, 258, 430, 258, -13421569
430, 258, 430, 257, -13421569
430, 257, 430, 256, -13421569
430, 256, 430, 254, -13421569
430, 254, 431, 254, -13421569
431, 254, 431, 253, -13421569
431, 253, 431, 252, -13421569
431, 252, 432, 251, -13421569
432, 251, 433, 251, -13421569
433, 251, 434, 249, -13421569
434, 249, 436, 248, -13421569
436, 248, 438, 246, -13421569
438, 246, 440, 244, -13421569
440, 244, 442, 242, -13421569
442, 242, 445, 239, -13421569
445, 239, 447, 238, -13421569
447, 238, 450, 235, -13421569
450, 235, 452, 233, -13421569
452, 233, 453, 232, -13421569
453, 232, 454, 230, -13421569
454, 230, 455, 229, -13421569
455, 229, 456, 228, -13421569
456, 228, 457, 227, -13421569
457, 227, 459, 225, -13421569
459, 225, 459, 224, -13421569
459, 224, 460, 224, -13421569
460, 224, 461, 223, -13421569
461, 223, 462, 222, -13421569
462, 222, 462, 224, -13421569
462, 224, 462, 226, -13421569
462, 226, 462, 228, -13421569
462, 228, 462, 230, -13421569
462, 230, 462, 231, -13421569
462, 231, 462, 232, -13421569
462, 232, 462, 234, -13421569
462, 234, 462, 235, -13421569
462, 235, 462, 237, -13421569
462, 237, 462, 239, -13421569
462, 239, 462, 240, -13421569
462, 240, 462, 241, -13421569
462, 241, 461, 244, -13421569
461, 244, 460, 246, -13421569
460, 246, 460, 247, -13421569
460, 247, 458, 248, -13421569
458, 248, 458, 250, -13421569
458, 250, 457, 251, -13421569
457, 251, 457, 253, -13421569
457, 253, 457, 254, -13421569
457, 254, 456, 255, -13421569
456, 255, 456, 256, -13421569
456, 256, 455, 257, -13421569
455, 257, 456, 257, -13421569
456, 257, 457, 258, -13421569
457, 258, 458, 259, -13421569
458, 259, 460, 259, -13421569
460, 259, 462, 259, -13421569
462, 259, 464, 260, -13421569
464, 260, 465, 261, -13421569
465, 261, 466, 261, -13421569
466, 261, 468, 262, -13421569
468, 262, 469, 262, -13421569
469, 262, 470, 263, -13421569
470, 263, 471, 264, -13421569
471, 264, 472, 266, -13421569
472, 266, 473, 268, -13421569
473, 268, 473, 269, -13421569
473, 269, 474, 271, -13421569
474, 271, 475, 272, -13421569
475, 272, 475, 273, -13421569
475, 273, 475, 274, -13421569
475, 274, 475, 275, -13421569
475, 275, 477, 277, -13421569
477, 277, 477, 278, -13421569
477, 278, 477, 280, -13421569
477, 280, 477, 281, -13421569
477, 281, 477, 283, -13421569
477, 283, 477, 285, -13421569
477, 285, 477, 287, -13421569
477, 287, 478, 289, -13421569
478, 289, 478, 290, -13421569
478, 290, 478, 291, -13421569
478, 291, 478, 292, -13421569
478, 292, 478, 293, -13421569
478, 293, 478, 294, -13421569
478, 294, 478, 295, -13421569
478, 295, 478, 296, -13421569
478, 296, 478, 297, -13421569
478, 297, 478, 298, -13421569
478, 298, 476, 299, -13421569
476, 299, 476, 301, -13421569
476, 301, 475, 302, -13421569
475, 302, 474, 303, -13421569
474, 303, 473, 303, -13421569
473, 303, 472, 305, -13421569
472, 305, 471, 306, -13421569
471, 306, 470, 307, -13421569
470, 307, 468, 308, -13421569
468, 308, 466, 309, -13421569
466, 309, 464, 309, -13421569
464, 309, 461, 311, -13421569
461, 311, 458, 312, -13421569
458, 312, 457, 313, -13421569
457, 313, 455, 314, -13421569
455, 314, 454, 314, -13421569
454, 314, 453, 315, -13421569
453, 315, 451, 316, -13421569
451, 316, 449, 317, -13421569
449, 317, 448, 317, -13421569
448, 317, 445, 319, -13421569
445, 319, 442, 319, -13421569
442, 319, 440, 319, -13421569
440, 319, 437, 321, -13421569
437, 321, 435, 321, -13421569
435, 321, 433, 322, -13421569
433, 322, 432, 322, -13421569
432, 322, 431, 322, -13421569
431, 322, 429, 323, -13421569
429, 323, 427, 323, -13421569
427, 323, 424, 323, -13421569
424, 323, 421, 323, -13421569
421, 323, 416, 323, -13421569
416, 323, 411, 323, -13421569
411, 323, 406, 323, -13421569
406, 323, 402, 323, -13421569
402, 323, 397, 323, -13421569
397, 323, 393, 323, -13421569
393, 323, 388, 323, -13421569
388, 323, 385, 323, -13421569
385, 323, 383, 323, -13421569
383, 323, 380, 323, -13421569
380, 323, 379, 323, -13421569
379, 323, 378, 323, -13421569
378, 323, 377, 323, -13421569
377, 323, 374, 323, -13421569
374, 323, 371, 322, -13421569
371, 322, 370, 322, -13421569
370, 322, 369, 321, -13421569
369, 321, 367, 321, -13421569
367, 321, 365, 320, -13421569
365, 320, 364, 319, -13421569
364, 319, 363, 319, -13421569
363, 319, 362, 318, -13421569
362, 318, 361, 317, -13421569
361, 317, 360, 316, -13421569
360, 316, 358, 314, -13421569
358, 314, 357, 314, -13421569
357, 314, 356, 313, -13421569
356, 313, 355, 313, -13421569
355, 313, 355, 312, -13421569
355, 312, 354, 311, -13421569
354, 311, 354, 310, -13421569
354, 310, 354, 309, -13421569
354, 309, 353, 307, -13421569
353, 307, 353, 305, -13421569
353, 305, 353, 304, -13421569
353, 304, 353, 303, -13421569
353, 303, 353, 302, -13421569
353, 302, 353, 300, -13421569
353, 300, 353, 299, -13421569
353, 299, 353, 298, -13421569
353, 298, 353, 296, -13421569
353, 296, 353, 295, -13421569
353, 295, 354, 294, -13421569
354, 294, 354, 293, -13421569
354, 293, 355, 292, -13421569
355, 292, 356, 291, -13421569
356, 291, 356, 290, -13421569
356, 290, 357, 289, -13421569
357, 289, 358, 288, -13421569
358, 288, 359, 287, -13421569
359, 287, 360, 286, -13421569
360, 286, 360, 285, -13421569
360, 285, 361, 284, -13421569
361, 284, 361, 283, -13421569
361, 283, 362, 282, -13421569
362, 282, 363, 281, -13421569
363, 281, 364, 280, -13421569
364, 280, 364, 279, -13421569
364, 279, 364, 278, -13421569
364, 278, 364, 277, -13421569
364, 277, 363, 276, -13421569
363, 276, 362, 276, -13421569
362, 276, 361, 274, -13421569
361, 274, 358, 273, -13421569
358, 273, 357, 271, -13421569
357, 271, 354, 270, -13421569
354, 270, 353, 268, -13421569
353, 268, 352, 267, -13421569
352, 267, 350, 266, -13421569
350, 266, 349, 265, -13421569
349, 265, 348, 264, -13421569
348, 264, 346, 263, -13421569
346, 263, 344, 260, -13421569
344, 260, 341, 257, -13421569
341, 257, 338, 255, -13421569
338, 255, 337, 254, -13421569
337, 254, 335, 254, -13421569
335, 254, 334, 252, -13421569
334, 252, 333, 252, -13421569
333, 252, 334, 252, -13421569
334, 252, 337, 252, -13421569
337, 252, 340, 253, -13421569
340, 253, 345, 255, -13421569
345, 255, 352, 256, -13421569
352, 256, 356, 256, -13421569
356, 256, 361, 256, -13421569
361, 256, 364, 256, -13421569
364, 256, 366, 256, -13421569
366, 256, 368, 256, -13421569
368, 256, 369, 257, -13421569
369, 257, 372, 259, -13421569
372, 259, 373, 259, -13421569
373, 259, 375, 259, -13421569
375, 259, 376, 260, -13421569
376, 260, 378, 261, -13421569
378, 261, 379, 261, -13421569
379, 261, 380, 261, -13421569
380, 261, 381, 262, -13421569
381, 262, 382, 262, -13421569
382, 262, 383, 262, -13421569
383, 262, 384, 263, -13421569
384, 263, 385, 264, -13421569
385, 264, 386, 264, -13421569
386, 264, 387, 264, -13421569
378, 324, 378, 325, -13421569
378, 325, 378, 326, -13421569
378, 326, 377, 327, -13421569
377, 327, 377, 328, -13421569
377, 328, 376, 328, -13421569
376, 328, 376, 329, -13421569
376, 329, 375, 330, -13421569
375, 330, 375, 331, -13421569
375, 331, 375, 332, -13421569
375, 332, 374, 333, -13421569
374, 333, 374, 334, -13421569
374, 334, 373, 335, -13421569
373, 335, 372, 336, -13421569
372, 336, 372, 337, -13421569
372, 337, 371, 338, -13421569
371, 338, 370, 339, -13421569
370, 339, 369, 341, -13421569
369, 341, 368, 343, -13421569
368, 343, 367, 344, -13421569
367, 344, 367, 345, -13421569
367, 345, 367, 346, -13421569
367, 346, 366, 347, -13421569
366, 347, 365, 350, -13421569
365, 350, 363, 353, -13421569
363, 353, 363, 355, -13421569
363, 355, 362, 358, -13421569
362, 358, 360, 360, -13421569
360, 360, 360, 363, -13421569
360, 363, 359, 365, -13421569
359, 365, 359, 368, -13421569
359, 368, 359, 370, -13421569
359, 370, 359, 373, -13421569
359, 373, 359, 374, -13421569
359, 374, 359, 375, -13421569
359, 375, 359, 376, -13421569
359, 376, 359, 378, -13421569
359, 378, 359, 379, -13421569
359, 379, 358, 381, -13421569
358, 381, 358, 382, -13421569
358, 382, 358, 384, -13421569
358, 384, 358, 386, -13421569
358, 386, 358, 389, -13421569
358, 389, 358, 392, -13421569
358, 392, 358, 395, -13421569
358, 395, 358, 398, -13421569
358, 398, 358, 401, -13421569
358, 401, 358, 404, -13421569
358, 404, 358, 407, -13421569
358, 407, 358, 409, -13421569
358, 409, 358, 412, -13421569
358, 412, 358, 413, -13421569
358, 413, 358, 416, -13421569
358, 416, 358, 418, -13421569
358, 418, 358, 421, -13421569
358, 421, 358, 422, -13421569
358, 422, 358, 425, -13421569
358, 425, 358, 426, -13421569
358, 426, 358, 428, -13421569
358, 428, 358, 430, -13421569
358, 430, 358, 431, -13421569
358, 431, 359, 432, -13421569
359, 432, 359, 433, -13421569
359, 433, 359, 435, -13421569
359, 435, 359, 436, -13421569
359, 436, 359, 437, -13421569
359, 437, 359, 438, -13421569
359, 438, 360, 440, -13421569
360, 440, 361, 442, -13421569
361, 442, 362, 443, -13421569
362, 443, 362, 445, -13421569
362, 445, 362, 448, -13421569
362, 448, 362, 449, -13421569
362, 449, 362, 452, -13421569
362, 452, 363, 455, -13421569
363, 455, 365, 458, -13421569
365, 458, 365, 460, -13421569
365, 460, 366, 462, -13421569
366, 462, 366, 464, -13421569
366, 464, 366, 465, -13421569
366, 465, 367, 466, -13421569
367, 466, 367, 468, -13421569
367, 468, 367, 469, -13421569
367, 469, 368, 471, -13421569
368, 471, 368, 472, -13421569
368, 472, 368, 473, -13421569
368, 473, 368, 474, -13421569
368, 474, 368, 475, -13421569
368, 475, 368, 476, -13421569
368, 476, 368, 477, -13421569
368, 477, 368, 478, -13421569
368, 478, 366, 478, -13421569
366, 478, 365, 478, -13421569
365, 478, 363, 479, -13421569
363, 479, 362, 480, -13421569
362, 480, 361, 481, -13421569
361, 481, 360, 484, -13421569
360, 484, 360, 486, -13421569
360, 486, 360, 488, -13421569
360, 488, 360, 489, -13421569
360, 489, 360, 491, -13421569
360, 491, 360, 492, -13421569
360, 492, 360, 493, -13421569
360, 493, 360, 494, -13421569
360, 494, 360, 495, -13421569
360, 495, 360, 496, -13421569
360, 496, 360, 497, -13421569
360, 497, 360, 498, -13421569
360, 498, 360, 499, -13421569
360, 499, 360, 500, -13421569
360, 500, 360, 501, -13421569
360, 501, 361, 501, -13421569
361, 501, 364, 501, -13421569
364, 501, 364, 502, -13421569
364, 502, 366, 503, -13421569
366, 503, 367, 503, -13421569
367, 503, 368, 503, -13421569
368, 503, 369, 503, -13421569
369, 503, 370, 503, -13421569
370, 503, 371, 503, -13421569
371, 503, 373, 503, -13421569
373, 503, 374, 503, -13421569
374, 503, 375, 504, -13421569
375, 504, 376, 504, -13421569
376, 504, 377, 505, -13421569
377, 505, 378, 505, -13421569
378, 505, 380, 505, -13421569
380, 505, 382, 505, -13421569
382, 505, 383, 505, -13421569
383, 505, 385, 505, -13421569
385, 505, 386, 505, -13421569
386, 505, 387, 505, -13421569
387, 505, 388, 505, -13421569
388, 505, 389, 504, -13421569
389, 504, 389, 503, -13421569
389, 503, 390, 502, -13421569
390, 502, 391, 501, -13421569
391, 501, 391, 500, -13421569
391, 500, 392, 499, -13421569
392, 499, 393, 497, -13421569
393, 497, 393, 496, -13421569
393, 496, 394, 496, -13421569
394, 496, 394, 495, -13421569
394, 495, 394, 494, -13421569
394, 494, 394, 493, -13421569
394, 493, 394, 492, -13421569
394, 492, 394, 491, -13421569
394, 491, 394, 490, -13421569
394, 490, 394, 489, -13421569
394, 489, 394, 488, -13421569
394, 488, 394, 487, -13421569
394, 487, 393, 486, -13421569
393, 486, 393, 485, -13421569
393, 485, 392, 484, -13421569
392, 484, 391, 483, -13421569
391, 483, 391, 482, -13421569
391, 482, 389, 481, -13421569
389, 481, 389, 480, -13421569
389, 480, 389, 476, -13421569
389, 476, 389, 475, -13421569
389, 475, 389, 473, -13421569
389, 473, 390, 472, -13421569
390, 472, 390, 471, -13421569
390, 471, 390, 469, -13421569
390, 469, 390, 468, -13421569
390, 468, 391, 467, -13421569
391, 467, 392, 466, -13421569
392, 466, 392, 464, -13421569
392, 464, 392, 462, -13421569
392, 462, 393, 460, -13421569
393, 460, 394, 458, -13421569
394, 458, 394, 456, -13421569
394, 456, 394, 455, -13421569
394, 455, 395, 453, -13421569
395, 453, 396, 451, -13421569
396, 451, 397, 448, -13421569
397, 448, 397, 447, -13421569
397, 447, 397, 445, -13421569
397, 445, 398, 444, -13421569
398, 444, 398, 443, -13421569
398, 443, 398, 442, -13421569
398, 442, 398, 441, -13421569
398, 441, 398, 439, -13421569
398, 439, 398, 437, -13421569
398, 437, 398, 436, -13421569
398, 436, 400, 433, -13421569
400, 433, 400, 432, -13421569
400, 432, 400, 429, -13421569
400, 429, 400, 428, -13421569
400, 428, 400, 427, -13421569
400, 427, 400, 426, -13421569
400, 426, 401, 425, -13421569
401, 425, 403, 425, -13421569
403, 425, 405, 425, -13421569
405, 425, 406, 425, -13421569
406, 425, 411, 426, -13421569
411, 426, 412, 426, -13421569
412, 426, 413, 426, -13421569
413, 426, 415, 426, -13421569
415, 426, 416, 426, -13421569
416, 426, 418, 426, -13421569
418, 426, 422, 426, -13421569
422, 426, 433, 426, -13421569
433, 426, 440, 427, -13421569
440, 427, 446, 427, -13421569
446, 427, 451, 427, -13421569
451, 427, 453, 427, -13421569
453, 427, 454, 427, -13421569
454, 427, 455, 427, -13421569
455, 427, 456, 427, -13421569
456, 427, 456, 428, -13421569
456, 428, 456, 429, -13421569
456, 429, 456, 430, -13421569
456, 430, 456, 431, -13421569
456, 431, 456, 434, -13421569
456, 434, 456, 436, -13421569
456, 436, 456, 437, -13421569
456, 437, 456, 439, -13421569
456, 439, 456, 442, -13421569
456, 442, 456, 444, -13421569
456, 444, 455, 447, -13421569
455, 447, 455, 448, -13421569
455, 448, 455, 451, -13421569
455, 451, 455, 454, -13421569
455, 454, 455, 457, -13421569
455, 457, 455, 460, -13421569
455, 460, 455, 463, -13421569
455, 463, 455, 465, -13421569
455, 465, 455, 468, -13421569
455, 468, 455, 470, -13421569
455, 470, 455, 472, -13421569
455, 472, 455, 474, -13421569
455, 474, 455, 476, -13421569
455, 476, 455, 477, -13421569
455, 477, 455, 478, -13421569
455, 478, 454, 479, -13421569
454, 479, 453, 481, -13421569
453, 481, 453, 482, -13421569
453, 482, 453, 483, -13421569
453, 483, 452, 483, -13421569
452, 483, 451, 483, -13421569
451, 483, 450, 483, -13421569
450, 483, 448, 483, -13421569
448, 483, 446, 482, -13421569
446, 482, 445, 482, -13421569
445, 482, 444, 481, -13421569
444, 481, 443, 481, -13421569
443, 481, 441, 481, -13421569
441, 481, 440, 481, -13421569
440, 481, 438, 481, -13421569
438, 481, 437, 481, -13421569
437, 481, 435, 481, -13421569
435, 481, 434, 481, -13421569
434, 481, 433, 482, -13421569
433, 482, 431, 484, -13421569
431, 484, 430, 486, -13421569
430, 486, 429, 487, -13421569
429, 487, 428, 489, -13421569
428, 489, 428, 490, -13421569
428, 490, 427, 492, -13421569
427, 492, 427, 493, -13421569
427, 493, 426, 495, -13421569
426, 495, 426, 496, -13421569
426, 496, 426, 497, -13421569
426, 497, 426, 498, -13421569
426, 498, 426, 499, -13421569
426, 499, 426, 500, -13421569
426, 500, 426, 501, -13421569
426, 501, 426, 502, -13421569
426, 502, 427, 502, -13421569
427, 502, 429, 503, -13421569
429, 503, 431, 504, -13421569
431, 504, 433, 505, -13421569
433, 505, 435, 505, -13421569
435, 505, 439, 507, -13421569
439, 507, 442, 507, -13421569
442, 507, 443, 508, -13421569
443, 508, 444, 508, -13421569
444, 508, 445, 508, -13421569
445, 508, 446, 508, -13421569
446, 508, 448, 509, -13421569
448, 509, 450, 509, -13421569
450, 509, 452, 509, -13421569
452, 509, 454, 509, -13421569
454, 509, 457, 509, -13421569
457, 509, 458, 509, -13421569
458, 509, 459, 509, -13421569
459, 509, 460, 509, -13421569
460, 509, 461, 509, -13421569
461, 509, 462, 509, -13421569
462, 509, 464, 509, -13421569
464, 509, 467, 509, -13421569
467, 509, 469, 507, -13421569
469, 507, 470, 506, -13421569
470, 506, 473, 505, -13421569
473, 505, 474, 504, -13421569
474, 504, 475, 504, -13421569
475, 504, 476, 503, -13421569
476, 503, 477, 502, -13421569
477, 502, 479, 501, -13421569
479, 501, 480, 501, -13421569
480, 501, 481, 500, -13421569
481, 500, 481, 499, -13421569
481, 499, 482, 499, -13421569
482, 499, 482, 497, -13421569
482, 497, 483, 497, -13421569
483, 497, 483, 496, -13421569
483, 496, 484, 495, -13421569
484, 495, 485, 494, -13421569
485, 494, 486, 493, -13421569
486, 493, 487, 492, -13421569
487, 492, 488, 490, -13421569
488, 490, 489, 489, -13421569
489, 489, 489, 488, -13421569
489, 488, 489, 487, -13421569
489, 487, 489, 486, -13421569
489, 486, 489, 485, -13421569
489, 485, 489, 484, -13421569
489, 484, 489, 483, -13421569
489, 483, 489, 482, -13421569
489, 482, 489, 481, -13421569
489, 481, 489, 480, -13421569
489, 480, 489, 479, -13421569
489, 479, 488, 478, -13421569
488, 478, 487, 478, -13421569
487, 478, 486, 478, -13421569
486, 478, 484, 478, -13421569
484, 478, 484, 477, -13421569
484, 477, 483, 477, -13421569
483, 477, 482, 477, -13421569
482, 477, 481, 476, -13421569
481, 476, 480, 476, -13421569
480, 476, 480, 475, -13421569
480, 475, 479, 475, -13421569
479, 475, 478, 475, -13421569
478, 475, 477, 475, -13421569
477, 475, 477, 474, -13421569
477, 474, 477, 473, -13421569
477, 473, 477, 472, -13421569
477, 472, 477, 471, -13421569
477, 471, 477, 469, -13421569
477, 469, 477, 468, -13421569
477, 468, 477, 467, -13421569
477, 467, 477, 464, -13421569
477, 464, 477, 463, -13421569
477, 463, 477, 461, -13421569
477, 461, 477, 459, -13421569
477, 459, 477, 457, -13421569
477, 457, 477, 453, -13421569
477, 453, 477, 451, -13421569
477, 451, 477, 450, -13421569
477, 450, 477, 448, -13421569
477, 448, 477, 447, -13421569
477, 447, 477, 445, -13421569
477, 445, 477, 444, -13421569
477, 444, 477, 442, -13421569
477, 442, 477, 440, -13421569
477, 440, 477, 439, -13421569
477, 439, 477, 438, -13421569
477, 438, 477, 436, -13421569
477, 436, 477, 434, -13421569
477, 434, 478, 432, -13421569
478, 432, 478, 431, -13421569
478, 431, 478, 430, -13421569
478, 430, 479, 427, -13421569
479, 427, 479, 426, -13421569
479, 426, 479, 424, -13421569
479, 424, 480, 423, -13421569
480, 423, 480, 421, -13421569
480, 421, 480, 417, -13421569
480, 417, 480, 415, -13421569
480, 415, 480, 413, -13421569
480, 413, 480, 411, -13421569
480, 411, 480, 409, -13421569
480, 409, 480, 407, -13421569
480, 407, 480, 405, -13421569
480, 405, 480, 404, -13421569
480, 404, 480, 399, -13421569
480, 399, 480, 398, -13421569
480, 398, 480, 396, -13421569
480, 396, 480, 395, -13421569
480, 395, 480, 393, -13421569
480, 393, 480, 391, -13421569
480, 391, 481, 389, -13421569
481, 389, 481, 388, -13421569
481, 388, 481, 385, -13421569
481, 385, 481, 384, -13421569
481, 384, 481, 382, -13421569
481, 382, 481, 381, -13421569
481, 381, 481, 380, -13421569
481, 380, 481, 376, -13421569
481, 376, 481, 375, -13421569
481, 375, 481, 373, -13421569
481, 373, 481, 372, -13421569
481, 372, 481, 369, -13421569
481, 369, 481, 366, -13421569
481, 366, 481, 364, -13421569
481, 364, 481, 362, -13421569
481, 362, 480, 358, -13421569
480, 358, 479, 354, -13421569
479, 354, 479, 352, -13421569
479, 352, 478, 350, -13421569
478, 350, 477, 349, -13421569
477, 349, 477, 348, -13421569
477, 348, 476, 347, -13421569
476, 347, 476, 346, -13421569
476, 346, 476, 345, -13421569
476, 345, 476, 344, -13421569
476, 344, 476, 343, -13421569
476, 343, 475, 342, -13421569
475, 342, 475, 341, -13421569
475, 341, 474, 340, -13421569
474, 340, 474, 338, -13421569
474, 338, 474, 337, -13421569
474, 337, 473, 336, -13421569
473, 336, 472, 335, -13421569
472, 335, 471, 333, -13421569
471, 333, 469, 332, -13421569
469, 332, 466, 328, -13421569
466, 328, 465, 328, -13421569
465, 328, 465, 327, -13421569
465, 327, 464, 326, -13421569
464, 326, 464, 325, -13421569
464, 325, 463, 325, -13421569
463, 325, 463, 323, -13421569
463, 323, 462, 322, -13421569
462, 322, 461, 322, -13421569
461, 322, 459, 320, -13421569
459, 320, 458, 320, -13421569
458, 320, 457, 320, -13421569
457, 320, 456, 319, -13421569
456, 319, 455, 318, -13421569
455, 318, 454, 317, -13421569
454, 317, 451, 315, -13421569
451, 315, 450, 314, -13421569
450, 314, 449, 314, -13421569
449, 314, 448, 314, -13421569
368, 322, 367, 322, -13421569
367, 322, 366, 322, -13421569
366, 322, 364, 322, -13421569
364, 322, 361, 325, -13421569
361, 325, 358, 327, -13421569
358, 327, 355, 329, -13421569
355, 329, 350, 332, -13421569
350, 332, 347, 334, -13421569
347, 334, 346, 334, -13421569
346, 334, 345, 335, -13421569
345, 335, 344, 336, -13421569
344, 336, 344, 337, -13421569
344, 337, 343, 338, -13421569
343, 338, 343, 339, -13421569
343, 339, 341, 342, -13421569
341, 342, 340, 344, -13421569
340, 344, 337, 348, -13421569
337, 348, 335, 350, -13421569
335, 350, 334, 351, -13421569
334, 351, 332, 355, -13421569
332, 355, 332, 357, -13421569
332, 357, 332, 359, -13421569
332, 359, 331, 361, -13421569
331, 361, 330, 364, -13421569
330, 364, 327, 370, -13421569
327, 370, 327, 371, -13421569
327, 371, 326, 375, -13421569
326, 375, 325, 378, -13421569
325, 378, 325, 381, -13421569
325, 381, 323, 386, -13421569
323, 386, 323, 390, -13421569
323, 390, 323, 391, -13421569
323, 391, 322, 393, -13421569
322, 393, 322, 395, -13421569
322, 395, 321, 397, -13421569
321, 397, 321, 399, -13421569
321, 399, 320, 401, -13421569
320, 401, 320, 403, -13421569
320, 403, 320, 405, -13421569
320, 405, 319, 410, -13421569
319, 410, 319, 412, -13421569
319, 412, 319, 415, -13421569
319, 415, 319, 416, -13421569
319, 416, 319, 421, -13421569
319, 421, 319, 422, -13421569
319, 422, 319, 425, -13421569
319, 425, 319, 428, -13421569
319, 428, 319, 434, -13421569
319, 434, 319, 437, -13421569
319, 437, 319, 439, -13421569
319, 439, 319, 442, -13421569
319, 442, 320, 446, -13421569
320, 446, 320, 447, -13421569
320, 447, 320, 448, -13421569
320, 448, 320, 451, -13421569
320, 451, 320, 453, -13421569
320, 453, 320, 455, -13421569
320, 455, 320, 456, -13421569
320, 456, 320, 458, -13421569
320, 458, 320, 460, -13421569
320, 460, 320, 461, -13421569
320, 461, 320, 462, -13421569
320, 462, 320, 464, -13421569
320, 464, 320, 468, -13421569
320, 468, 320, 471, -13421569
320, 471, 320, 472, -13421569
320, 472, 320, 474, -13421569
320, 474, 320, 475, -13421569
320, 475, 320, 476, -13421569
320, 476, 320, 478, -13421569
320, 478, 320, 479, -13421569
320, 479, 320, 480, -13421569
320, 480, 320, 482, -13421569
320, 482, 319, 484, -13421569
319, 484, 319, 485, -13421569
319, 485, 319, 486, -13421569
319, 486, 319, 487, -13421569
319, 487, 319, 488, -13421569
319, 488, 319, 489, -13421569
319, 489, 319, 490, -13421569
319, 490, 319, 491, -13421569
319, 491, 318, 491, -13421569
318, 491, 317, 491, -13421569
317, 491, 317, 492, -13421569
317, 492, 316, 494, -13421569
316, 494, 315, 494, -13421569
315, 494, 315, 495, -13421569
315, 495, 315, 496, -13421569
315, 496, 315, 497, -13421569
315, 497, 315, 498, -13421569
315, 498, 315, 499, -13421569
315, 499, 315, 500, -13421569
315, 500, 316, 500, -13421569
316, 500, 316, 502, -13421569
316, 502, 317, 502, -13421569
317, 502, 318, 503, -13421569
318, 503, 319, 504, -13421569
319, 504, 320, 505, -13421569
320, 505, 320, 506, -13421569
320, 506, 321, 506, -13421569
321, 506, 323, 506, -13421569
323, 506, 325, 506, -13421569
325, 506, 326, 506, -13421569
326, 506, 327, 506, -13421569
327, 506, 328, 506, -13421569
328, 506, 329, 506, -13421569
329, 506, 330, 506, -13421569
330, 506, 331, 506, -13421569
331, 506, 333, 506, -13421569
333, 506, 334, 505, -13421569
334, 505, 334, 503, -13421569
334, 503, 335, 502, -13421569
335, 502, 336, 501, -13421569
336, 501, 337, 500, -13421569
337, 500, 338, 500, -13421569
338, 500, 338, 499, -13421569
338, 499, 339, 499, -13421569
339, 499, 340, 498, -13421569
340, 498, 341, 497, -13421569
341, 497, 342, 496, -13421569
342, 496, 342, 495, -13421569
342, 495, 343, 495, -13421569
343, 495, 343, 493, -13421569
343, 493, 344, 492, -13421569
344, 492, 345, 491, -13421569
345, 491, 346, 489, -13421569
346, 489, 346, 488, -13421569
346, 488, 347, 487, -13421569
347, 487, 347, 486, -13421569
347, 486, 347, 485, -13421569
347, 485, 347, 484, -13421569
347, 484, 347, 483, -13421569
347, 483, 347, 482, -13421569
347, 482, 347, 481, -13421569
347, 481, 347, 480, -13421569
347, 480, 347, 479, -13421569
347, 479, 347, 478, -13421569
347, 478, 346, 478, -13421569
346, 478, 345, 478, -13421569
345, 478, 344, 478, -13421569
344, 478, 343, 478, -13421569
343, 478, 342, 478, -13421569
342, 478, 341, 478, -13421569
341, 478, 340, 478, -13421569
340, 478, 339, 478, -13421569
339, 478, 337, 479, -13421569
337, 479, 336, 480, -13421569
336, 480, 334, 480, -13421569
334, 480, 335, 480, -13421569
335, 480, 335, 481, -13421569
335, 481, 336, 481, -13421569
347, 489, 348, 489, -13421569
348, 489, 349, 489, -13421569
349, 489, 351, 489, -13421569
351, 489, 355, 489, -13421569
355, 489, 357, 489, -13421569
357, 489, 359, 489, -13421569
359, 489, 362, 489, -13421569
362, 489, 363, 489, -13421569
363, 489, 363, 488, -13421569
363, 488, 363, 487, -13421569
319, 394, 318, 393, -13421569
318, 393, 318, 392, -13421569
318, 392, 317, 392, -13421569
317, 392, 317, 391, -13421569
317, 391, 317, 390, -13421569
317, 390, 317, 389, -13421569
317, 389, 316, 389, -13421569
316, 389, 316, 388, -13421569
316, 388, 316, 387, -13421569
316, 387, 315, 386, -13421569
315, 386, 315, 384, -13421569
315, 384, 314, 384, -13421569
314, 384, 314, 383, -13421569
314, 383, 313, 382, -13421569
313, 382, 312, 381, -13421569
312, 381, 312, 380, -13421569
312, 380, 311, 380, -13421569
311, 380, 311, 379, -13421569
311, 379, 310, 379, -13421569
310, 379, 310, 378, -13421569
310, 378, 309, 377, -13421569
309, 377, 308, 377, -13421569
308, 377, 307, 376, -13421569
307, 376, 306, 376, -13421569
306, 376, 305, 376, -13421569
305, 376, 305, 375, -13421569
305, 375, 303, 374, -13421569
303, 374, 301, 374, -13421569
301, 374, 300, 373, -13421569
300, 373, 299, 373, -13421569
299, 373, 296, 372, -13421569
296, 372, 293, 372, -13421569
293, 372, 292, 371, -13421569
292, 371, 287, 370, -13421569
287, 370, 285, 369, -13421569
285, 369, 283, 369, -13421569
283, 369, 281, 369, -13421569
281, 369, 275, 369, -13421569
275, 369, 271, 369, -13421569
271, 369, 263, 368, -13421569
263, 368, 258, 366, -13421569
258, 366, 255, 366, -13421569
255, 366, 252, 365, -13421569
252, 365, 248, 364, -13421569
248, 364, 244, 362, -13421569
244, 362, 242, 362, -13421569
242, 362, 237, 360, -13421569
237, 360, 233, 359, -13421569
233, 359, 228, 355, -13421569
228, 355, 225, 352, -13421569
225, 352, 223, 351, -13421569
223, 351, 219, 347, -13421569
219, 347, 218, 345, -13421569
218, 345, 217, 344, -13421569
217, 344, 217, 341, -13421569
217, 341, 216, 339, -13421569
216, 339, 216, 337, -13421569
216, 337, 216, 333, -13421569
216, 333, 216, 331, -13421569
216, 331, 216, 329, -13421569
216, 329, 217, 327, -13421569
217, 327, 220, 322, -13421569
220, 322, 222, 320, -13421569
222, 320, 227, 315, -13421569
227, 315, 228, 313, -13421569
228, 313, 233, 310, -13421569
233, 310, 234, 309, -13421569
234, 309, 237, 307, -13421569
237, 307, 243, 304, -13421569
243, 304, 247, 303, -13421569
247, 303, 249, 302, -13421569
249, 302, 252, 300, -13421569
252, 300, 253, 299, -13421569
253, 299, 255, 297, -13421569
255, 297, 256, 296, -13421569
256, 296, 258, 292, -13421569
258, 292, 258, 291, -13421569
258, 291, 260, 289, -13421569
260, 289, 260, 288, -13421569
260, 288, 260, 286, -13421569
260, 286, 260, 283, -13421569
260, 283, 260, 282, -13421569
260, 282, 260, 280, -13421569
260, 280, 260, 278, -13421569
260, 278, 260, 277, -13421569
260, 277, 260, 275, -13421569
260, 275, 260, 271, -13421569
260, 271, 259, 268, -13421569
259, 268, 256, 263, -13421569
256, 263, 253, 260, -13421569
253, 260, 249, 256, -13421569
249, 256, 246, 253, -13421569
246, 253, 244, 252, -13421569
244, 252, 239, 248, -13421569
239, 248, 237, 247, -13421569
237, 247, 234, 244, -13421569
234, 244, 233, 243, -13421569
233, 243, 231, 240, -13421569
231, 240, 230, 238, -13421569
230, 238, 229, 237, -13421569
229, 237, 229, 235, -13421569
229, 235, 229, 233, -13421569
229, 233, 228, 231, -13421569
228, 231, 228, 230, -13421569
228, 230, 227, 227, -13421569
227, 227, 227, 225, -13421569
227, 225, 227, 222, -13421569
227, 222, 227, 221, -13421569
227, 221, 228, 216, -13421569
228, 216, 228, 214, -13421569
228, 214, 231, 209, -13421569
231, 209, 231, 206, -13421569
231, 206, 232, 205, -13421569
232, 205, 234, 201, -13421569
234, 201, 235, 199, -13421569
235, 199, 236, 197, -13421569
236, 197, 236, 195, -13421569
236, 195, 238, 193, -13421569
238, 193, 239, 191, -13421569
239, 191, 239, 189, -13421569
239, 189, 240, 188, -13421569
240, 188, 241, 186, -13421569
241, 186, 245, 184, -13421569
245, 184, 246, 184, -13421569
246, 184, 247, 183, -13421569
247, 183, 246, 183, -13421569
246, 183, 243, 182, -13421569
243, 182, 242, 182, -13421569
242, 182, 241, 182, -13421569
241, 182, 239, 182, -13421569
239, 182, 238, 182, -13421569
238, 182, 235, 182, -13421569
235, 182, 231, 182, -13421569
231, 182, 230, 182, -13421569
230, 182, 225, 182, -13421569
225, 182, 224, 183, -13421569
224, 183, 222, 183, -13421569
222, 183, 221, 184, -13421569
221, 184, 220, 186, -13421569
220, 186, 219, 187, -13421569
219, 187, 218, 188, -13421569
218, 188, 217, 188, -13421569
217, 188, 216, 190, -13421569
216, 190, 215, 191, -13421569
215, 191, 214, 192, -13421569
214, 192, 212, 194, -13421569
212, 194, 211, 195, -13421569
211, 195, 210, 198, -13421569
210, 198, 209, 199, -13421569
209, 199, 209, 201, -13421569
209, 201, 209, 203, -13421569
209, 203, 209, 206, -13421569
209, 206, 208, 208, -13421569
208, 208, 206, 211, -13421569
206, 211, 206, 214, -13421569
206, 214, 206, 218, -13421569
206, 218, 206, 220, -13421569
206, 220, 206, 223, -13421569
206, 223, 206, 226, -13421569
206, 226, 206, 227, -13421569
206, 227, 206, 231, -13421569
206, 231, 206, 233, -13421569
206, 233, 206, 234, -13421569
206, 234, 206, 236, -13421569
206, 236, 206, 239, -13421569
206, 239, 206, 241, -13421569
206, 241, 206, 244, -13421569
206, 244, 207, 245, -13421569
207, 245, 207, 247, -13421569
207, 247, 208, 248, -13421569
208, 248, 208, 251, -13421569
208, 251, 209, 253, -13421569
209, 253, 210, 255, -13421569
210, 255, 212, 258, -13421569
212, 258, 214, 261, -13421569
214, 261, 216, 263, -13421569
216, 263, 217, 265, -13421569
217, 265, 217, 266, -13421569
217, 266, 218, 266, -13421569
218, 266, 218, 267, -13421569
218, 267, 220, 269, -13421569
220, 269, 221, 269, -13421569
221, 269, 223, 271, -13421569
223, 271, 224, 271, -13421569
224, 271, 225, 271, -13421569
225, 271, 227, 273, -13421569
227, 273, 228, 274, -13421569
228, 274, 231, 274, -13421569
231, 274, 235, 276, -13421569
235, 276, 236, 276, -13421569
236, 276, 236, 277, -13421569
236, 277, 236, 278, -13421569
236, 278, 236, 280, -13421569
236, 280, 236, 281, -13421569
236, 281, 236, 282, -13421569
236, 282, 236, 283, -13421569
236, 283, 236, 284, -13421569
236, 284, 235, 285, -13421569
235, 285, 235, 287, -13421569
235, 287, 234, 288, -13421569
234, 288, 233, 289, -13421569
233, 289, 232, 290, -13421569
232, 290, 231, 292, -13421569
231, 292, 231, 293, -13421569
231, 293, 230, 293, -13421569
230, 293, 229, 293, -13421569
229, 293, 227, 294, -13421569
227, 294, 223, 295, -13421569
223, 295, 222, 295, -13421569
222, 295, 218, 296, -13421569
218, 296, 216, 297, -13421569
216, 297, 214, 298, -13421569
214, 298, 213, 298, -13421569
213, 298, 210, 301, -13421569
210, 301, 208, 301, -13421569
208, 301, 207, 303, -13421569
207, 303, 205, 304, -13421569
205, 304, 204, 305, -13421569
204, 305, 203, 306, -13421569
203, 306, 202, 306, -13421569
202, 306, 200, 308, -13421569
200, 308, 198, 309, -13421569
198, 309, 197, 310, -13421569
197, 310, 196, 312, -13421569
196, 312, 195, 314, -13421569
195, 314, 193, 317, -13421569
193, 317, 192, 319, -13421569
192, 319, 189, 326, -13421569
189, 326, 188, 328, -13421569
188, 328, 187, 330, -13421569
187, 330, 186, 333, -13421569
186, 333, 185, 334, -13421569
185, 334, 185, 338, -13421569
185, 338, 185, 341, -13421569
185, 341, 184, 347, -13421569
184, 347, 184, 350, -13421569
184, 350, 184, 357, -13421569
184, 357, 184, 360, -13421569
184, 360, 184, 365, -13421569
184, 365, 184, 367, -13421569
184, 367, 184, 369, -13421569
184, 369, 184, 370, -13421569
184, 370, 184, 372, -13421569
184, 372, 185, 373, -13421569
185, 373, 186, 374, -13421569
186, 374, 187, 374, -13421569
187, 374, 188, 374, -13421569
188, 374, 189, 375, -13421569
189, 375, 190, 375, -13421569
190, 375, 194, 376, -13421569
194, 376, 197, 377, -13421569
197, 377, 199, 378, -13421569
199, 378, 201, 378, -13421569
201, 378, 201, 379, -13421569
201, 379, 203, 380, -13421569
203, 380, 204, 380, -13421569
204, 380, 206, 381, -13421569
206, 381, 208, 381, -13421569
208, 381, 209, 382, -13421569
209, 382, 211, 383, -13421569
211, 383, 212, 383, -13421569
212, 383, 213, 383, -13421569
213, 383, 215, 383, -13421569
215, 383, 216, 383, -13421569
216, 383, 217, 383, -13421569
217, 383, 220, 383, -13421569
220, 383, 224, 383, -13421569
224, 383, 227, 383, -13421569
227, 383, 233, 384, -13421569
233, 384, 236, 384, -13421569
236, 384, 238, 385, -13421569
238, 385, 239, 385, -13421569
239, 385, 240, 385, -13421569
240, 385, 242, 386, -13421569
242, 386, 245, 386, -13421569
245, 386, 252, 388, -13421569
252, 388, 255, 390, -13421569
255, 390, 263, 392, -13421569
263, 392, 266, 393, -13421569
266, 393, 267, 394, -13421569
267, 394, 268, 395, -13421569
268, 395, 277, 399, -13421569
277, 399, 280, 402, -13421569
280, 402, 292, 406, -13421569
292, 406, 296, 407, -13421569
296, 407, 301, 409, -13421569
301, 409, 302, 409, -13421569
302, 409, 303, 409, -13421569
303, 409, 304, 409, -13421569
304, 409, 305, 409, -13421569
305, 409, 306, 410, -13421569
306, 410, 308, 410, -13421569
308, 410, 308, 411, -13421569
308, 411, 308, 412, -13421569
308, 412, 309, 413, -13421569
309, 413, 310, 414, -13421569
310, 414, 311, 415, -13421569
311, 415, 311, 416, -13421569
311, 416, 312, 416, -13421569
312, 416, 313, 417, -13421569
313, 417, 313, 418, -13421569
313, 418, 313, 419, -13421569
313, 419, 314, 420, -13421569
314, 420, 314, 421, -13421569
314, 421, 315, 422, -13421569
315, 422, 316, 423, -13421569
316, 423, 317, 423, -13421569
415, 300, 415, 299, -13421569
415, 299, 415, 298, -13421569
415, 298, 414, 298, -13421569
414, 298, 413, 298, -13421569
413, 298, 412, 298, -13421569
412, 298, 411, 298, -13421569
411, 298, 410, 298, -13421569
410, 298, 409, 298, -13421569
409, 298, 408, 298, -13421569
408, 298, 406, 298, -13421569
406, 298, 406, 297, -13421569
406, 297, 408, 296, -13421569
408, 296, 411, 295, -13421569
411, 295, 412, 294, -13421569
412, 294, 413, 294, -13421569
413, 294, 414, 294, -13421569
414, 294, 415, 293, -13421569
415, 293, 416, 293, -13421569
416, 293, 417, 293, -13421569
417, 293, 418, 293, -13421569
418, 293, 419, 293, -13421569
419, 293, 420, 293, -13421569
420, 293, 419, 294, -13421569
419, 294, 418, 295, -13421569
418, 295, 418, 296, -13421569
418, 296, 417, 296, -13421569
417, 296, 417, 297, -13421569
417, 297, 417, 298, -13421569
417, 298, 417, 299, -13421569
417, 299, 416, 300, -13421569
386, 280, 385, 280, -13421569
385, 280, 384, 280, -13421569
384, 280, 384, 281, -13421569
384, 281, 383, 281, -13421569
383, 281, 383, 282, -13421569
383, 282, 383, 283, -13421569
383, 283, 382, 284, -13421569
382, 284, 382, 285, -13421569
382, 285, 382, 286, -13421569
382, 286, 382, 287, -13421569
382, 287, 383, 287, -13421569
383, 287, 384, 287, -13421569
384, 287, 385, 287, -13421569
385, 287, 386, 287, -13421569
386, 287, 387, 287, -13421569
387, 287, 388, 287, -13421569
388, 287, 388, 286, -13421569
388, 286, 389, 285, -13421569
389, 285, 390, 285, -13421569
390, 285, 390, 284, -13421569
390, 284, 390, 283, -13421569
390, 283, 390, 282, -13421569
390, 282, 390, 281, -13421569
390, 281, 390, 280, -13421569
390, 280, 390, 279, -13421569
390, 279, 390, 278, -13421569
390, 278, 389, 278, -13421569
389, 278, 388, 278, -13421569
388, 278, 387, 278, -13421569
387, 278, 386, 278, -13421569
386, 278, 385, 278, -13421569
385, 278, 385, 279, -13421569
385, 279, 385, 280, -13421569
385, 280, 384, 281, -13421569
384, 281, 384, 282, -13421569
384, 282, 383, 284, -13421569
383, 284, 383, 285, -13421569
383, 285, 383, 286, -13421569
383, 286, 383, 287, -13421569
383, 287, 383, 288, -13421569
383, 288, 383, 289, -13421569
383, 289, 385, 289, -13421569
385, 289, 387, 289, -13421569
387, 289, 389, 289, -13421569
389, 289, 390, 289, -13421569
390, 289, 390, 288, -13421569
390, 288, 390, 287, -13421569
390, 287, 390, 286, -13421569
390, 286, 390, 285, -13421569
390, 285, 390, 284, -13421569
390, 284, 390, 283, -13421569
390, 283, 390, 282, -13421569
390, 282, 390, 281, -13421569
390, 281, 389, 281, -13421569
389, 281, 388, 281, -13421569
439, 271, 439, 270, -13421569
439, 270, 438, 270, -13421569
438, 270, 434, 270, -13421569
434, 270, 433, 270, -13421569
433, 270, 431, 271, -13421569
431, 271, 430, 271, -13421569
430, 271, 429, 272, -13421569
429, 272, 428, 273, -13421569
428, 273, 428, 274, -13421569
428, 274, 428, 275, -13421569
428, 275, 428, 276, -13421569
428, 276, 428, 277, -13421569
428, 277, 428, 278, -13421569
428, 278, 428, 279, -13421569
428, 279, 428, 280, -13421569
428, 280, 428, 281, -13421569
428, 281, 429, 282, -13421569
429, 282, 430, 282, -13421569
430, 282, 433, 283, -13421569
433, 283, 434, 283, -13421569
434, 283, 435, 283, -13421569
435, 283, 436, 283, -13421569
436, 283, 437, 283, -13421569
437, 283, 438, 283, -13421569
438, 283, 438, 282, -13421569
438, 282, 439, 282, -13421569
439, 282, 440, 279, -13421569
440, 279, 440, 277, -13421569
440, 277, 440, 276, -13421569
440, 276, 440, 274, -13421569
440, 274, 440, 271, -13421569
440, 271, 440, 269, -13421569
440, 269, 440, 267, -13421569
440, 267, 440, 264, -13421569
440, 264, 439, 264, -13421569
439, 264, 438, 264, -13421569
438, 264, 437, 264, -13421569
437, 264, 436, 264, -13421569
436, 264, 434, 265, -13421569
434, 265, 432, 266, -13421569
432, 266, 431, 267, -13421569
431, 267, 429, 269, -13421569
429, 269, 428, 269, -13421569
428, 269, 427, 269, -13421569
427, 269, 427, 270, -13421569
427, 270, 427, 271, -13421569
427, 271, 426, 271, -13421569
426, 271, 426, 272, -13421569
426, 272, 425, 272, -13421569
425, 272, 425, 273, -13421569
425, 273, 425, 274, -13421569
425, 274, 425, 275, -13421569
425, 275, 426, 277, -13421569
426, 277, 428, 277, -13421569
428, 277, 428, 278, -13421569
428, 278, 429, 279, -13421569
429, 279, 430, 279, -13421569
430, 279, 431, 279, -13421569
431, 279, 432, 279, -13421569
432, 279, 433, 278, -13421569
433, 278, 434, 278, -13421569
434, 278, 434, 277, -13421569
434, 277, 435, 276, -13421569
435, 276, 436, 275, -13421569
436, 275, 436, 274, -13421569
436, 274, 437, 273, -13421569
437, 273, 437, 272, -13421569
437, 272, 437, 271, -13421569
437, 271, 437, 270, -13421569
437, 270, 437, 269, -13421569
437, 269, 436, 269, -13421569
420, 304, 420, 305, -13421569
420, 305, 420, 306, -13421569
420, 306, 420, 307, -13421569
420, 307, 421, 308, -13421569
421, 308, 422, 308, -13421569
422, 308, 423, 309, -13421569
423, 309, 424, 309, -13421569
424, 309, 425, 309, -13421569
425, 309, 427, 309, -13421569
427, 309, 428, 309, -13421569
428, 309, 429, 309, -13421569
429, 309, 430, 309, -13421569
430, 309, 431, 308, -13421569
431, 308, 431, 306, -13421569
431, 306, 432, 305, -13421569
432, 305, 433, 304, -13421569
433, 304, 433, 303, -13421569
433, 303, 434, 301, -13421569
434, 301, 435, 300, -13421569
435, 300, 435, 299, -13421569
435, 299, 435, 298, -13421569
435, 298, 435, 297, -13421569
435, 297, 434, 297, -13421569
418, 303, 417, 303, -13421569
417, 303, 416, 303, -13421569
416, 303, 416, 304, -13421569
416, 304, 416, 305, -13421569
416, 305, 415, 306, -13421569
415, 306, 415, 307, -13421569
415, 307, 414, 308, -13421569
414, 308, 413, 309, -13421569
413, 309, 413, 310, -13421569
413, 310, 412, 310, -13421569
412, 310, 411, 311, -13421569
411, 311, 410, 311, -13421569
410, 311, 409, 311, -13421569
409, 311, 408, 311, -13421569
408, 311, 407, 312, -13421569
407, 312, 406, 312, -13421569
406, 312, 404, 312, -13421569
404, 312, 403, 312, -13421569
403, 312, 401, 312, -13421569
401, 312, 398, 311, -13421569
398, 311, 397, 311, -13421569
397, 311, 397, 310, -13421569
397, 310, 396, 309, -13421569
396, 309, 396, 308, -13421569
396, 308, 395, 307, -13421569
395, 307, 395, 305, -13421569
395, 305, 394, 304, -13421569
394, 304, 393, 303, -13421569
294, 530, 293, 530, -13421569
293, 530, 290, 529, -13421569
290, 529, 289, 529, -13421569
289, 529, 287, 529, -13421569
287, 529, 286, 529, -13421569
286, 529, 281, 529, -13421569
281, 529, 278, 529, -13421569
278, 529, 274, 529, -13421569
274, 529, 271, 530, -13421569
271, 530, 269, 531, -13421569
269, 531, 267, 531, -13421569
267, 531, 264, 535, -13421569
264, 535, 259, 538, -13421569
259, 538, 256, 541, -13421569
256, 541, 254, 544, -13421569
254, 544, 253, 545, -13421569
253, 545, 253, 547, -13421569
253, 547, 251, 550, -13421569
251, 550, 251, 554, -13421569
251, 554, 251, 555, -13421569
251, 555, 251, 559, -13421569
251, 559, 251, 564, -13421569
251, 564, 251, 566, -13421569
251, 566, 251, 567, -13421569
251, 567, 252, 568, -13421569
252, 568, 253, 570, -13421569
253, 570, 254, 570, -13421569
254, 570, 254, 572, -13421569
254, 572, 257, 575, -13421569
257, 575, 259, 577, -13421569
259, 577, 259, 578, -13421569
259, 578, 261, 580, -13421569
261, 580, 262, 582, -13421569
262, 582, 263, 583, -13421569
263, 583, 265, 585, -13421569
265, 585, 267, 587, -13421569
267, 587, 268, 587, -13421569
268, 587, 269, 587, -13421569
269, 587, 270, 588, -13421569
270, 588, 272, 589, -13421569
272, 589, 273, 589, -13421569
273, 589, 274, 589, -13421569
274, 589, 275, 589, -13421569
275, 589, 276, 589, -13421569
276, 589, 278, 589, -13421569
278, 589, 279, 588, -13421569
279, 588, 280, 588, -13421569
280, 588, 281, 587, -13421569
281, 587, 282, 587, -13421569
282, 587, 283, 587, -13421569
283, 587, 284, 587, -13421569
284, 587, 285, 587, -13421569
285, 587, 287, 587, -13421569
287, 587, 287, 586, -13421569
287, 586, 289, 585, -13421569
289, 585, 290, 584, -13421569
290, 584, 292, 583, -13421569
292, 583, 293, 582, -13421569
293, 582, 295, 580, -13421569
295, 580, 296, 579, -13421569
296, 579, 297, 578, -13421569
297, 578, 298, 577, -13421569
298, 577, 299, 577, -13421569
299, 577, 304, 574, -13421569
304, 574, 309, 569, -13421569
309, 569, 309, 568, -13421569
340, 540, 340, 543, -13421569
340, 543, 340, 546, -13421569
340, 546, 339, 553, -13421569
339, 553, 338, 561, -13421569
338, 561, 338, 568, -13421569
338, 568, 338, 572, -13421569
338, 572, 337, 575, -13421569
337, 575, 336, 576, -13421569
336, 576, 336, 578, -13421569
336, 578, 336, 581, -13421569
336, 581, 335, 583, -13421569
335, 583, 334, 584, -13421569
334, 584, 333, 586, -13421569
333, 586, 331, 588, -13421569
331, 588, 331, 590, -13421569
331, 590, 331, 589, -13421569
331, 589, 331, 579, -13421569
331, 579, 332, 574, -13421569
332, 574, 333, 568, -13421569
333, 568, 333, 563, -13421569
333, 563, 335, 561, -13421569
335, 561, 336, 556, -13421569
336, 556, 338, 552, -13421569
338, 552, 338, 550, -13421569
338, 550, 338, 548, -13421569
338, 548, 338, 545, -13421569
338, 545, 339, 544, -13421569
339, 544, 339, 542, -13421569
339, 542, 339, 541, -13421569
339, 541, 339, 540, -13421569
339, 540, 340, 539, -13421569
340, 539, 340, 538, -13421569
340, 538, 341, 537, -13421569
341, 537, 342, 536, -13421569
342, 536, 342, 535, -13421569
342, 535, 343, 535, -13421569
343, 535, 343, 536, -13421569
343, 536, 345, 539, -13421569
345, 539, 346, 544, -13421569
346, 544, 348, 551, -13421569
348, 551, 351, 558, -13421569
351, 558, 353, 562, -13421569
353, 562, 355, 567, -13421569
355, 567, 357, 572, -13421569
357, 572, 359, 576, -13421569
359, 576, 363, 583, -13421569
363, 583, 366, 590, -13421569
366, 590, 367, 593, -13421569
367, 593, 367, 594, -13421569
367, 594, 368, 596, -13421569
368, 596, 368, 597, -13421569
368, 597, 369, 598, -13421569
369, 598, 369, 599, -13421569
339, 568, 339, 567, -13421569
339, 567, 340, 567, -13421569
340, 567, 341, 567, -13421569
341, 567, 344, 567, -13421569
344, 567, 346, 567, -13421569
346, 567, 349, 567, -13421569
349, 567, 350, 567, -13421569
350, 567, 351, 567, -13421569
351, 567, 352, 567, -13421569
352, 567, 353, 567, -13421569
353, 567, 354, 567, -13421569
354, 567, 355, 567, -13421569
355, 567, 356, 567, -13421569
356, 567, 354, 567, -13421569
354, 567, 349, 565, -13421569
349, 565, 343, 565, -13421569
343, 565, 339, 564, -13421569
339, 564, 338, 564, -13421569
338, 564, 337, 564, -13421569
337, 564, 336, 564, -13421569
336, 564, 335, 564, -13421569
335, 564, 333, 564, -13421569
333, 564, 331, 563, -13421569
331, 563, 330, 563, -13421569
392, 561, 392, 562, -13421569
392, 562, 392, 564, -13421569
392, 564, 392, 570, -13421569
392, 570, 392, 576, -13421569
392, 576, 392, 582, -13421569
392, 582, 391, 587, -13421569
391, 587, 391, 591, -13421569
391, 591, 391, 593, -13421569
391, 593, 391, 594, -13421569
391, 594, 391, 596, -13421569
391, 596, 391, 599, -13421569
391, 599, 390, 601, -13421569
390, 601, 390, 602, -13421569
390, 602, 390, 600, -13421569
390, 600, 390, 592, -13421569
390, 592, 390, 589, -13421569
390, 589, 390, 588, -13421569
390, 588, 390, 586, -13421569
390, 586, 391, 583, -13421569
391, 583, 391, 582, -13421569
391, 582, 391, 581, -13421569
391, 581, 391, 579, -13421569
391, 579, 391, 578, -13421569
391, 578, 391, 577, -13421569
391, 577, 391, 576, -13421569
391, 576, 391, 574, -13421569
391, 574, 392, 572, -13421569
392, 572, 392, 569, -13421569
392, 569, 392, 568, -13421569
392, 568, 392, 566, -13421569
392, 566, 392, 564, -13421569
392, 564, 393, 561, -13421569
393, 561, 393, 559, -13421569
393, 559, 393, 557, -13421569
393, 557, 393, 556, -13421569
393, 556, 393, 555, -13421569
393, 555, 393, 554, -13421569
393, 554, 393, 553, -13421569
393, 553, 393, 552, -13421569
393, 552, 393, 549, -13421569
393, 549, 393, 548, -13421569
371, 548, 374, 548, -13421569
374, 548, 376, 549, -13421569
376, 549, 378, 549, -13421569
378, 549, 379, 549, -13421569
379, 549, 381, 549, -13421569
381, 549, 382, 549, -13421569
382, 549, 383, 550, -13421569
383, 550, 384, 550, -13421569
384, 550, 386, 550, -13421569
386, 550, 389, 550, -13421569
389, 550, 391, 550, -13421569
391, 550, 393, 550, -13421569
393, 550, 396, 550, -13421569
396, 550, 401, 551, -13421569
401, 551, 406, 552, -13421569
406, 552, 411, 553, -13421569
411, 553, 413, 553, -13421569
413, 553, 415, 553, -13421569
415, 553, 417, 553, -13421569
417, 553, 418, 553, -13421569
418, 553, 420, 553, -13421569
420, 553, 423, 553, -13421569
423, 553, 426, 553, -13421569
426, 553, 428, 553, -13421569
428, 553, 426, 553, -13421569
426, 553, 424, 553, -13421569
424, 553, 423, 553, -13421569
423, 553, 418, 553, -13421569
418, 553, 412, 552, -13421569
412, 552, 408, 552, -13421569
408, 552, 404, 551, -13421569
404, 551, 402, 551, -13421569
402, 551, 399, 550, -13421569
399, 550, 397, 550, -13421569
397, 550, 393, 550, -13421569
393, 550, 390, 549, -13421569
390, 549, 388, 549, -13421569
388, 549, 387, 549, -13421569
387, 549, 386, 549, -13421569
386, 549, 385, 549, -13421569
385, 549, 384, 549, -13421569
384, 549, 383, 549, -13421569
383, 549, 382, 549, -13421569
382, 549, 381, 549, -13421569
381, 549, 380, 549, -13421569
380, 549, 379, 549, -13421569
379, 549, 378, 549, -13421569
378, 549, 376, 549, -13421569
376, 549, 374, 549, -13421569
374, 549, 372, 549, -13421569
